{
  "advancedEditorSelectedIdentifier" : "ProjectBrowser",
  "openSceneRelativePaths" : [
    "Immersive.usda",
    "Origin.usda",
    "ShotFrame.usda"
  ],
  "recentIdentifiers" : {
    "1AECD3CE-6663-4527-8994-CEC300DFF202" : [

    ],
    "7A6D5BEB-4DED-448E-9B0B-775A12BE50C1" : [

    ]
  },
  "sceneCameraHistory" : {
    "1AECD3CE-6663-4527-8994-CEC300DFF202" : [
      {
        "date" : 762912988.261828,
        "title" : "Untitled",
        "transform" : [
          0.9874004,
          -5.5840896e-09,
          -0.15824154,
          0,
          -0.0034263749,
          0.99976563,
          -0.02138019,
          0,
          0.15820453,
          0.021652974,
          0.98716897,
          0,
          0.1008939,
          0.12678967,
          0.9446206,
          1
        ]
      },
      {
        "date" : 762912986.835944,
        "title" : "Untitled",
        "transform" : [
          0.9933944,
          -2.5090003e-09,
          0.11475007,
          0,
          0.03023588,
          0.96466136,
          -0.2617525,
          0,
          -0.11069489,
          0.26349297,
          0.9582892,
          0,
          -0.156218,
          0.35804626,
          0.9179126,
          1
        ]
      },
      {
        "date" : 762912838.495626,
        "title" : "Untitled",
        "transform" : [
          0.99398416,
          -3.092822e-09,
          -0.10952449,
          0,
          3.1345524e-05,
          0.99999994,
          0.00028409954,
          0,
          0.109524526,
          -0.00028586746,
          0.99398404,
          0,
          0.06379943,
          0.09425547,
          1.034209,
          1
        ]
      },
      {
        "date" : 762912793.901851,
        "title" : "Untitled",
        "transform" : [
          0.9976945,
          -9.432134e-09,
          0.06786619,
          0,
          -0.0105955005,
          0.9877375,
          0.15576406,
          0,
          -0.067033954,
          -0.15612404,
          0.9854602,
          0,
          -0.11836754,
          -0.0661648,
          1.0054932,
          1
        ]
      },
      {
        "date" : 762912752.492701,
        "title" : "Untitled",
        "transform" : [
          0.99846476,
          -9.4844665e-09,
          -0.055391304,
          0,
          0.0038984537,
          0.9975203,
          0.07027147,
          0,
          0.055253968,
          -0.07037955,
          0.99598885,
          0,
          0.0044448064,
          0.019805472,
          0.98366004,
          1
        ]
      },
      {
        "date" : 762912724.233416,
        "title" : "Untitled",
        "transform" : [
          0.9997813,
          -1.108421e-08,
          -0.02091161,
          0,
          -0.0019718243,
          0.9955443,
          -0.09427454,
          0,
          0.020818455,
          0.09429512,
          0.9953266,
          0,
          -0.029840361,
          0.18077487,
          0.9666588,
          1
        ]
      },
      {
        "date" : 762912679.71138,
        "title" : "Untitled",
        "transform" : [
          0.99901813,
          -1.1144033e-08,
          -0.044302452,
          0,
          0.0036703758,
          0.9965623,
          0.0827659,
          0,
          0.044150174,
          -0.082847275,
          0.99558383,
          0,
          -0.0053696823,
          0.0053133876,
          1.0086082,
          1
        ]
      },
      {
        "date" : 762912604.910912,
        "title" : "Untitled",
        "transform" : [
          0.96374285,
          -1.1083191e-08,
          -0.26683256,
          0,
          -0.10340987,
          0.9218504,
          -0.37349474,
          0,
          0.24597973,
          0.38754603,
          0.8884267,
          0,
          0.4584771,
          1.1393018,
          2.1098993,
          1
        ]
      },
      {
        "date" : 762912583.913437,
        "title" : "Untitled",
        "transform" : [
          0.9992427,
          -1.323125e-08,
          0.038908828,
          0,
          0.0026375647,
          0.9976998,
          -0.067735985,
          0,
          -0.03881929,
          0.06778732,
          0.9969443,
          0,
          -0.07724233,
          0.13630073,
          0.8639559,
          1
        ]
      },
      {
        "date" : 762912477.376214,
        "title" : "Untitled",
        "transform" : [
          0.9992427,
          -1.323125e-08,
          0.038908828,
          0,
          0.0026375644,
          0.9976997,
          -0.06773598,
          0,
          -0.03881929,
          0.06778732,
          0.9969443,
          0,
          -0.0715203,
          0.112082794,
          0.79995495,
          1
        ]
      }
    ],
    "7A6D5BEB-4DED-448E-9B0B-775A12BE50C1" : [
      {
        "date" : 764031984.150652,
        "title" : "Untitled",
        "transform" : [
          0.93374705,
          -3.967564e-09,
          -0.3579339,
          0,
          -0.20888877,
          0.81204396,
          -0.54493135,
          0,
          0.290658,
          0.5835963,
          0.75824356,
          0,
          0.5668732,
          0.97167486,
          1.0711417,
          1
        ]
      },
      {
        "date" : 764031897.457252,
        "title" : "Untitled",
        "transform" : [
          0.98340774,
          -2.3913238e-08,
          -0.18140943,
          0,
          -0.17395455,
          0.283723,
          -0.9429958,
          0,
          0.05147002,
          0.95890623,
          0.27901536,
          0,
          0.2078458,
          1.505233,
          0.32235867,
          1
        ]
      },
      {
        "date" : 764031893.480149,
        "title" : "Untitled",
        "transform" : [
          0.9991386,
          -2.4344338e-08,
          0.04150075,
          0,
          0.041475546,
          0.03489959,
          -0.99852985,
          0,
          -0.0014483711,
          0.99939084,
          0.034869518,
          0,
          0.14716174,
          1.5461116,
          -0.026907874,
          1
        ]
      },
      {
        "date" : 764031866.040946,
        "title" : "Untitled",
        "transform" : [
          0.99977994,
          -2.5032895e-08,
          0.020980723,
          0,
          0.020780751,
          0.13776524,
          -0.990247,
          0,
          -0.0028904283,
          0.9904649,
          0.13773488,
          0,
          0.14322977,
          1.541272,
          0.12964395,
          1
        ]
      },
      {
        "date" : 764031853.646177,
        "title" : "Untitled",
        "transform" : [
          0.6460101,
          -2.5355176e-08,
          -0.7633289,
          0,
          -0.3670945,
          0.8767685,
          -0.31067452,
          0,
          0.66926277,
          0.48091272,
          0.56640136,
          0,
          0.5522261,
          0.29655907,
          0.32383853,
          1
        ]
      },
      {
        "date" : 764031806.447863,
        "title" : "Untitled",
        "transform" : [
          0.9987304,
          -3.429705e-08,
          0.05037498,
          0,
          0.03487066,
          0.7216853,
          -0.69134253,
          0,
          -0.03635487,
          0.6922214,
          0.72076905,
          0,
          -0.07614734,
          0.4838413,
          0.4537636,
          1
        ]
      },
      {
        "date" : 764031799.738971,
        "title" : "Untitled",
        "transform" : [
          0.9985222,
          -3.2666918e-08,
          -0.054345183,
          0,
          -0.022692213,
          0.9086505,
          -0.4169405,
          0,
          0.04938078,
          0.41755757,
          0.9073077,
          0,
          -0.041348647,
          0.37283927,
          0.60444766,
          1
        ]
      },
      {
        "date" : 764031710.413706,
        "title" : "Untitled",
        "transform" : [
          0.99747115,
          -3.238905e-08,
          -0.07107258,
          0,
          -0.024289718,
          0.9397874,
          -0.34089553,
          0,
          0.066793114,
          0.34175977,
          0.9374107,
          0,
          -0.025882019,
          0.30600455,
          0.6327942,
          1
        ]
      },
      {
        "date" : 764031702.414784,
        "title" : "Untitled",
        "transform" : [
          0.9974711,
          -1.0890011e-10,
          -0.07107248,
          0,
          -0.02428972,
          0.9397874,
          -0.34089553,
          0,
          0.066793114,
          0.34175977,
          0.9374107,
          0,
          -0.025882019,
          0.30600455,
          0.6327942,
          1
        ]
      },
      {
        "date" : 764031685.650184,
        "title" : "Untitled",
        "transform" : [
          0.99998516,
          3.4574454e-11,
          -0.0054613804,
          0,
          -0.0016453526,
          0.9535388,
          -0.30126595,
          0,
          0.005207638,
          0.30127046,
          0.95352453,
          0,
          -0.06728431,
          0.27881926,
          0.6422381,
          1
        ]
      }
    ],
    "96567654-99AA-4218-B01D-5E21DFF0B125" : [
      {
        "date" : 762914938.248357,
        "title" : "Untitled",
        "transform" : [
          0.9999995,
          -7.256642e-11,
          -0.0009511971,
          0,
          -0.00016668222,
          0.98452675,
          -0.1752341,
          0,
          0.00093647913,
          0.17523423,
          0.98452634,
          0,
          0.0010009408,
          0.18731987,
          1.0521665,
          1
        ]
      }
    ],
    "AF09ED6F-1707-48FD-8720-65B998362C09" : [
      {
        "date" : 762851580.731229,
        "title" : "Untitled",
        "transform" : [
          0.99851984,
          -2.3909233e-10,
          -0.05438904,
          0,
          -0.017211609,
          0.9486079,
          -0.3159852,
          0,
          0.051593874,
          0.3164536,
          0.9472038,
          0,
          0.16903795,
          1.7006662,
          1.5888251,
          1
        ]
      },
      {
        "date" : 762851571.469772,
        "title" : "Untitled",
        "transform" : [
          0.29692742,
          -6.6160823e-09,
          -0.9549001,
          0,
          -0.20153427,
          0.97747463,
          -0.06266735,
          0,
          0.9333907,
          0.21105276,
          0.29023904,
          0,
          1.9519012,
          1.8059217,
          0.5527736,
          1
        ]
      },
      {
        "date" : 762851463.310506,
        "title" : "Untitled",
        "transform" : [
          0.99790597,
          -0.00011184397,
          -0.064682454,
          0,
          -0.035223547,
          0.83778083,
          -0.5448694,
          0,
          0.054250654,
          0.54600674,
          0.8360225,
          0,
          0.36672834,
          2.3357754,
          1.8563528,
          1
        ]
      }
    ],
    "FD4AFF61-67C8-4374-B467-E45A17F35073" : [
      {
        "date" : 764032984.31039,
        "title" : "Untitled",
        "transform" : [
          0.4271987,
          1.450785e-10,
          -0.90415776,
          0,
          -0.62808806,
          0.71933204,
          -0.29676062,
          0,
          0.6503896,
          0.6946665,
          0.3072977,
          0,
          1.6821027,
          1.796616,
          0.79476404,
          1
        ]
      }
    ]
  },
  "sceneViewportBackgroundColors" : {

  },
  "selectedSceneRelativePath" : "Origin.usda"
}